4426216 10046924
0	1	712
2	1	914
1	2	914
3	4	158
4	3	158
5	6	382
7	8	169
8	7	169
8	9	2545
9	8	2545
9	10	1805
10	9	1805
10	11	1558
11	10	1558
12	13	436
14	15	252
15	14	252
15	16	252
16	15	252
16	17	1087
17	16	1087
17	18	561
18	17	561
18	19	626
19	18	626
20	21	22
21	20	22
21	22	293
22	21	293
23	24	1296
24	23	1296
24	25	168
25	24	168
26	27	705
27	26	705
28	29	780
29	28	780
29	30	612
30	29	612
31	32	636
32	33	600
34	35	367
35	34	367
35	36	338
36	35	338
37	38	756
38	37	756
32	39	1092
39	32	1092
40	41	1344
42	43	1344
44	45	288
45	44	288
46	47	856
47	46	856
47	48	1648
48	47	1648
48	49	72
49	48	72
50	51	936
51	50	936
51	52	4196
52	51	4196
52	53	7601
53	52	7601
54	55	4217
55	54	4217
55	49	2808
49	55	2808
49	56	3024
56	49	3024
56	50	1033
50	56	1033
57	58	7848
58	57	7848
58	53	2262
53	58	2262
59	60	1080
60	59	1080
60	61	732
61	60	732
62	63	780
63	64	276
64	65	408
66	67	660
67	66	660
68	69	720
70	67	660
67	70	660
67	71	384
71	67	384
72	73	1008
73	72	1008
74	75	195
75	74	195
75	76	313
76	75	313
76	77	642
77	76	642
77	78	334
78	77	334
78	79	277
79	78	277
79	80	313
80	79	313
80	81	426
81	80	426
81	82	375
82	81	375
82	83	509
83	82	509
83	84	766
84	83	766
84	85	781
85	84	781
85	86	406
86	85	406
86	87	452
87	86	452
87	88	565
88	87	565
88	89	277
89	88	277
89	90	504
90	89	504
90	91	601
91	90	601
91	92	2370
92	91	2370
92	93	169
93	92	169
93	94	519
94	93	519
95	96	1440
96	95	1440
96	97	534
97	96	534
98	99	6896
99	98	6896
100	101	720
101	100	720
101	102	1069
102	101	1069
102	103	2026
103	102	2026
103	104	1841
104	103	1841
104	105	1085
105	104	1085
106	107	3591
107	106	3591
107	108	292
108	107	292
108	109	34704
109	108	34704
110	111	4482
111	110	4482
112	113	150
113	112	150
113	114	390
114	113	390
114	115	1680
115	114	1680
112	116	1338
116	112	1338
117	118	2885
118	117	2885
118	119	1959
119	118	1959
119	120	1013
120	119	1013
120	121	966
121	120	966
121	122	349
122	121	349
122	123	2880
123	122	2880
123	124	1923
124	123	1923
124	125	534
125	124	534
125	126	10
126	125	10
126	127	5240
127	126	5240
127	128	1316
128	127	1316
129	130	512
131	132	456
132	131	456
132	133	4692
133	132	4692
134	135	643
135	134	643
135	136	589
136	135	589
137	138	132
138	137	132
138	139	936
139	138	936
139	140	504
140	139	504
140	141	2268
141	140	2268
141	142	732
142	141	732
142	143	1344
143	142	1344
143	144	1212
144	143	1212
145	146	36
146	147	211
148	149	67
149	150	49
151	152	244
152	151	244
153	154	193
155	156	540
156	155	540
156	157	352
157	156	352
157	158	734
158	157	734
158	159	907
159	158	907
159	160	1663
160	159	1663
160	161	381
161	160	381
161	162	856
162	161	856
162	163	626
163	162	626
163	164	460
164	163	460
165	166	234
166	165	234
166	167	2844
167	166	2844
167	168	1170
168	167	1170
168	169	990
169	168	990
170	171	64
171	170	64
172	173	304
174	175	403
175	174	403
176	177	1575
178	179	696
180	181	3019
182	183	432
183	182	432
183	184	222
184	183	222
184	185	138
185	184	138
185	186	480
186	185	480
186	187	3024
187	186	3024
188	189	321
189	188	321
189	187	1733
187	189	1733
190	191	504
192	193	1392
194	195	378
195	194	378
195	196	8376
196	195	8376
197	198	1958
198	197	1958
198	199	900
199	198	900
199	200	612
200	199	612
200	201	547
201	200	547
202	203	2740
204	205	2142
205	204	2142
205	206	283
206	205	283
206	207	355
207	206	355
207	208	378
208	207	378
208	209	3766
209	208	3766
210	211	202
211	210	202
212	213	10156
213	212	10156
213	214	1993
214	213	1993
214	215	5841
215	214	5841
215	216	9229
216	215	9229
217	218	92
218	219	88
220	221	1522
221	220	1522
221	222	426
222	221	426
222	223	1908
223	222	1908
223	224	627
224	223	627
224	225	622
225	224	622
225	226	622
226	225	622
226	227	457
227	226	457
227	228	2422
228	227	2422
228	229	684
229	228	684
229	230	3332
230	229	3332
230	231	581
231	230	581
231	232	545
232	231	545
233	234	51
234	233	51
234	235	2458
235	234	2458
235	236	1105
236	235	1105
236	237	1362
237	236	1362
237	238	1419
238	237	1419
238	239	380
239	238	380
239	240	1342
240	239	1342
240	241	380
241	240	380
241	242	339
242	241	339
243	244	540
244	243	540
244	245	732
245	244	732
245	246	84
246	245	84
246	247	48
247	246	48
247	248	228
248	247	228
249	250	489
250	249	489
250	251	151
251	250	151
251	252	532
252	251	532
252	253	763
253	252	763
253	254	1094
254	253	1094
254	255	194
255	254	194
255	256	244
256	255	244
256	257	288
257	256	288
257	258	381
258	257	381
258	259	259
259	258	259
260	261	11911
261	260	11911
262	263	6466
263	262	6466
263	264	297
264	263	297
265	266	966
266	265	966
267	268	252
269	270	1327
270	269	1327
271	272	300
272	271	300
272	273	2520
273	272	2520
273	274	1704
274	273	1704
274	275	294
275	274	294
275	276	630
276	275	630
276	277	36
277	276	36
277	278	1710
278	277	1710
278	279	1122
279	278	1122
279	280	348
280	279	348
280	281	720
281	280	720
281	282	1410
282	281	1410
282	283	618
283	282	618
283	284	1686
284	283	1686
284	285	252
285	284	252
286	287	45
287	288	81
288	289	126
289	290	45
290	291	171
291	292	45
292	293	117
293	294	36
294	286	90
295	296	1188
296	295	1188
296	297	1782
297	296	1782
298	299	390
299	298	390
299	300	1500
300	299	1500
301	302	535
302	301	535
302	303	796
303	302	796
303	304	855
304	303	855
304	305	1012
305	304	1012
306	307	2664
307	306	2664
307	308	2311
308	307	2311
308	309	3254
309	308	3254
309	310	216
310	309	216
311	312	1188
312	311	1188
313	314	3138
314	315	2218
315	316	3105
317	318	1418
318	317	1418
318	319	2973
319	318	2973
320	321	29760
321	320	29760
322	323	94
324	325	4068
326	327	5612
328	329	1616
330	331	1958
332	333	288
334	335	12
335	334	12
335	336	332
336	335	332
336	337	92
337	336	92
337	338	128
338	337	128
338	339	660
339	338	660
339	340	1220
340	339	1220
340	341	80
341	340	80
341	342	80
342	341	80
342	343	120
343	342	120
343	344	80
344	343	80
344	345	88
345	344	88
345	346	80
346	345	80
346	347	108
347	346	108
347	348	2028
348	347	2028
348	349	116
349	348	116
349	350	60
350	349	60
350	351	108
351	350	108
351	352	104
352	351	104
352	353	132
353	352	132
353	354	92
354	353	92
354	355	84
355	354	84
355	356	80
356	355	80
356	357	84
357	356	84
357	358	84
358	357	84
358	359	80
359	358	80
359	360	76
360	359	76
360	361	96
361	360	96
361	362	76
362	361	76
362	363	80
363	362	80
363	364	100
364	363	100
364	365	80
365	364	80
365	366	72
366	365	72
366	367	88
367	366	88
367	368	104
368	367	104
368	369	112
369	368	112
369	370	744
370	369	744
370	371	108
371	370	108
371	372	132
372	371	132
372	373	88
373	372	88
373	374	116
374	373	116
374	375	92
375	374	92
375	376	124
376	375	124
376	377	88
377	376	88
377	378	84
378	377	84
378	379	104
379	378	104
379	380	132
380	379	132
380	381	76
381	380	76
381	382	56
382	381	56
382	383	176
383	382	176
383	384	1948
384	383	1948
384	385	820
385	384	820
385	386	104
386	385	104
386	387	156
387	386	156
387	388	180
388	387	180
388	389	152
389	388	152
389	390	1124
390	389	1124
390	391	312
391	390	312
391	392	108
392	391	108
392	393	172
393	392	172
393	394	76
394	393	76
394	395	112
395	394	112
395	396	68
396	395	68
396	397	128
397	396	128
397	398	164
398	397	164
398	399	3020
399	398	3020
399	400	216
400	399	216
400	401	204
401	400	204
401	402	104
402	401	104
402	403	164
403	402	164
403	404	120
404	403	120
404	405	84
405	404	84
405	406	192
406	405	192
406	407	160
407	406	160
407	408	80
408	407	80
408	409	140
409	408	140
409	410	152
410	409	152
410	411	312
411	410	312
411	412	932
412	411	932
412	413	144
413	412	144
413	414	168
414	413	168
414	415	128
415	414	128
415	416	1008
416	415	1008
416	417	1192
417	416	1192
417	418	420
418	417	420
418	419	80
419	418	80
419	420	48
420	419	48
420	421	112
421	420	112
421	422	124
422	421	124
422	423	92
423	422	92
423	424	96
424	423	96
424	425	56
425	424	56
425	426	76
426	425	76
426	427	68
427	426	68
427	428	152
428	427	152
428	429	112
429	428	112
429	430	336
430	429	336
430	431	92
431	430	92
431	432	100
432	431	100
432	433	172
433	432	172
433	434	332
434	433	332
434	435	80
435	434	80
435	436	40
436	435	40
436	437	116
437	436	116
437	438	148
438	437	148
438	439	480
439	438	480
439	440	128
440	439	128
440	441	152
441	440	152
441	442	156
442	441	156
442	443	180
443	442	180
443	444	1560
444	443	1560
444	445	1672
445	444	1672
445	446	120
446	445	120
446	447	152
447	446	152
447	448	156
448	447	156
448	449	124
449	448	124
449	450	448
450	449	448
450	451	348
451	450	348
451	452	116
452	451	116
452	453	156
453	452	156
453	454	132
454	453	132
454	455	964
455	454	964
455	456	932
456	455	932
456	457	232
457	456	232
457	458	56
458	457	56
458	459	68
459	458	68
459	460	88
460	459	88
460	461	92
461	460	92
461	462	120
462	461	120
462	463	80
463	462	80
463	464	84
464	463	84
464	465	36
465	464	36
465	466	88
466	465	88
466	467	108
467	466	108
467	468	108
468	467	108
468	469	108
469	468	108
469	470	36
470	469	36
470	471	72
471	470	72
471	472	108
472	471	108
472	473	96
473	472	96
473	474	108
474	473	108
474	475	96
475	474	96
475	476	116
476	475	116
476	477	60
477	476	60
478	479	4203
479	478	4203
479	480	103
480	479	103
480	481	2952
481	480	2952
481	482	5242
482	481	5242
482	483	801
483	482	801
483	484	139
484	483	139
484	485	490
485	484	490
485	486	4167
486	485	4167
486	487	702
487	486	702
487	488	3226
488	487	3226
488	489	2398
489	488	2398
489	490	2380
490	489	2380
490	491	2511
491	490	2511
491	492	10102
492	491	10102
492	493	2358
493	492	2358
493	494	36
494	493	36
494	495	1948
495	494	1948
495	496	126
496	495	126
496	497	1539
497	496	1539
497	498	913
498	497	913
498	499	508
499	498	508
499	500	54
500	499	54
501	502	306
502	501	306
502	503	1092
503	502	1092
503	504	1470
504	503	1470
504	505	324
505	504	324
505	506	498
506	505	498
506	507	216
507	506	216
507	508	180
508	507	180
509	510	7767
510	509	7767
510	511	6232
511	510	6232
511	512	10012
512	511	10012
512	513	1710
513	512	1710
514	515	172
515	514	172
515	516	422
516	515	422
516	517	369
517	516	369
518	519	129
519	518	129
519	520	100
520	519	100
520	521	662
521	520	662
521	522	1130
522	521	1130
522	523	1684
523	522	1684
523	524	417
524	523	417
524	525	2332
525	524	2332
526	527	108
527	526	108
527	528	1488
528	527	1488
528	529	150
529	528	150
529	530	444
530	529	444
531	532	144
532	518	129
518	533	158
533	531	122
534	535	1645
535	534	1645
536	537	1287
537	536	1287
537	538	688
538	537	688
538	539	9
539	538	9
539	540	499
540	539	499
540	541	1156
541	540	1156
541	542	1350
542	541	1350
543	544	657
545	546	562
546	547	31
547	548	252
548	549	117
550	551	297
552	553	246
553	552	246
553	554	25
554	553	25
554	555	396
555	554	396
555	556	36
556	555	36
556	557	66
557	556	66
557	558	941
558	557	941
559	560	810
560	559	810
560	561	1488
561	560	1488
561	562	126
562	561	126
562	563	1068
563	562	1068
563	564	1134
564	563	1134
564	565	2106
565	564	2106
565	566	426
566	565	426
566	567	3258
567	566	3258
567	568	240
568	567	240
569	570	1494
570	569	1494
570	571	1089
571	570	1089
571	572	3150
572	571	3150
572	573	504
573	572	504
573	574	13491
574	573	13491
574	575	12231
575	574	12231
576	577	138
577	576	138
577	578	828
578	577	828
578	579	786
579	578	786
580	581	204
582	583	121
584	585	590
585	584	590
585	586	643
586	585	643
586	587	835
587	586	835
588	589	902
589	588	902
589	590	278
590	589	278
591	592	3168
593	594	666
593	595	1026
596	597	426
598	599	594
600	601	1476
602	603	1176
604	605	648
605	604	648
606	607	5896
607	606	5896
607	608	439
608	607	439
608	609	151
609	608	151
610	611	187
611	610	187
611	612	914
612	611	914
612	613	21
613	612	21
614	615	814
615	614	814
616	617	133
617	616	133
617	618	3353
618	617	3353
618	619	1635
619	618	1635
619	620	504
620	619	504
620	610	1388
610	620	1388
621	622	812
622	621	812
622	623	349
623	622	349
623	624	771
624	623	771
624	625	617
625	624	617
626	627	936
627	628	835
629	630	993
630	629	993
631	632	678
632	631	678
632	633	205
633	632	205
633	634	144
634	633	144
634	635	627
635	634	627
635	636	483
636	635	483
636	637	267
637	636	267
637	638	288
638	637	288
639	640	792
640	639	792
640	641	668
641	640	668
641	642	1337
642	641	1337
642	643	699
643	642	699
643	644	2262
644	643	2262
644	645	236
645	644	236
646	647	1923
647	646	1923
647	648	1347
648	647	1347
649	650	802
650	649	802
651	652	1944
652	651	1944
653	654	6243
654	653	6243
655	656	1087
656	655	1087
656	657	619
657	656	619
657	658	921
658	657	921
659	660	410
661	662	820
662	661	820
662	663	576
663	662	576
663	664	3988
664	663	3988
664	665	3765
665	664	3765
666	667	792
667	666	792
667	668	1842
668	667	1842
668	669	1536
669	668	1536
669	670	762
670	669	762
670	671	990
671	670	990
671	672	2808
672	671	2808
673	674	216
675	676	373
676	675	373
676	677	648
677	676	648
677	678	1876
678	677	1876
678	679	256
679	678	256
679	680	477
680	679	477
680	681	252
681	680	252
681	682	8131
682	681	8131
682	683	81
683	682	81
684	685	3384
685	684	3384
685	686	5736
686	685	5736
687	688	3018
688	687	3018
689	690	338
691	692	3073
692	691	3073
692	693	1440
693	692	1440
693	694	443
694	693	443
694	695	2027
695	694	2027
695	696	470
696	695	470
696	697	3328
697	696	3328
697	698	11819
698	697	11819
698	699	830
699	698	830
699	700	6629
700	699	6629
701	702	1188
702	701	1188
702	703	244
703	702	244
703	704	1425
704	703	1425
704	705	669
705	704	669
706	707	774
707	706	774
708	709	540
709	708	540
709	710	852
710	709	852
710	711	1920
711	710	1920
711	712	60
712	711	60
712	713	1068
713	712	1068
714	715	744
715	714	744
715	716	504
716	715	504
716	717	1044
717	716	1044
718	719	1032
719	718	1032
719	720	516
720	719	516
708	721	1044
721	708	1044
722	723	204
723	722	204
723	724	972
724	723	972
724	725	1704
725	724	1704
723	726	266
726	723	266
726	727	302
727	726	302
728	729	204
729	728	204
729	730	2364
730	729	2364
730	731	708
731	730	708
731	732	420
732	731	420
733	734	5832
734	733	5832
734	735	1094
735	734	1094
736	737	1358
737	736	1358
737	738	1416
738	737	1416
738	739	432
739	738	432
739	740	422
740	739	422
738	741	2714
741	738	2714
741	742	388
742	741	388
735	736	273
736	735	273
743	744	1267
744	743	1267
745	746	9238
746	745	9238
747	748	382
748	747	382
749	750	283
750	749	283
750	751	2002
751	750	2002
751	752	126
752	751	126
752	753	1777
753	752	1777
753	754	11659
754	753	11659
754	755	243
755	754	243
755	756	652
756	755	652
756	757	706
757	756	706
757	758	2277
758	757	2277
759	760	3134
760	759	3134
760	761	878
761	760	878
761	762	2908
762	761	2908
762	763	1824
763	762	1824
763	764	4128
764	763	4128
764	765	6249
765	764	6249
766	767	31
767	766	31
767	768	36
768	767	36
768	769	90
769	768	90
769	770	36
770	769	36
770	771	31
771	770	31
771	772	31
772	771	31
772	773	27
773	772	27
773	774	27
774	773	27
774	775	22
775	774	22
775	776	135
776	775	135
776	766	40
766	776	40
777	778	756
778	777	756
778	779	2604
779	778	2604
779	780	750
780	779	750
780	781	270
781	780	270
782	783	2520
783	782	2520
783	784	194
784	783	194
784	785	122
785	784	122
786	787	408
787	786	408
787	788	1644
788	787	1644
788	789	2184
789	788	2184
790	791	50
791	790	50
792	793	906
793	792	906
792	794	583
794	792	583
794	795	511
795	794	511
795	796	619
796	795	619
796	797	518
797	796	518
797	798	662
798	797	662
792	799	1353
799	792	1353
800	801	741
801	800	741
802	785	259
785	802	259
785	803	2822
803	785	2822
804	805	272
806	807	110
807	806	110
807	808	492
808	807	492
808	809	2448
809	808	2448
809	810	1742
810	809	1742
810	811	648
811	810	648
811	691	2656
691	811	2656
812	813	266
814	815	2685
815	814	2685
815	816	712
816	815	712
816	817	1706
817	816	1706
817	818	532
818	817	532
818	819	3909
819	818	3909
820	821	134
821	820	134
822	823	1500
823	822	1500
823	824	581
824	823	581
824	825	1262
825	824	1262
825	826	337
826	825	337
826	827	1207
827	826	1207
827	828	382
828	827	382
829	814	252
814	829	252
830	831	724
831	830	724
831	832	393
832	831	393
832	833	931
833	832	931
833	834	912
834	833	912
834	835	633
835	834	633
835	836	129
836	835	129
836	837	926
837	836	926
837	838	268
838	837	268
838	839	196
839	838	196
839	840	340
840	839	340
840	841	811
841	840	811
842	843	1459
843	842	1459
822	844	612
844	822	612
845	846	2630
846	845	2630
847	848	1104
848	847	1104
848	849	1296
849	848	1296
849	850	372
850	849	372
850	851	300
851	850	300
851	852	600
852	851	600
853	854	624
855	856	806
856	855	806
856	852	1749
852	856	1749
852	857	662
857	852	662
857	26	331
26	857	331
858	859	748
860	861	280
861	862	748
863	864	273
865	866	1392
866	867	84
868	869	669
869	868	669
869	870	583
870	869	583
859	871	658
871	859	658
872	873	1357
873	872	1357
872	874	1100
875	876	72
876	875	72
876	877	64
877	876	64
877	878	561
878	877	561
879	880	924
869	881	1008
881	869	1008
882	883	367
883	882	367
883	884	633
884	883	633
885	886	403
886	885	403
857	887	1560
887	857	1560
847	888	1404
888	847	1404
888	854	1512
854	888	1512
854	889	1248
889	854	1248
890	853	1356
853	890	1356
891	892	360
892	891	360
892	893	720
893	892	720
893	894	1116
894	893	1116
894	895	1224
895	894	1224
895	896	1524
896	895	1524
890	888	732
888	890	732
888	896	612
896	888	612
896	897	576
897	896	576
889	894	792
894	889	792
894	898	696
898	894	696
898	899	1332
899	898	1332
900	901	586
901	900	586
893	902	756
902	893	756
903	904	1200
904	905	132
906	907	132
907	908	1212
909	910	1116
910	909	1116
911	912	596
912	911	596
912	913	946
913	912	946
913	914	781
914	913	781
915	916	1584
917	918	41
918	917	41
918	919	1481
919	918	1481
920	921	2004
921	920	2004
922	923	987
923	922	987
924	925	1049
925	924	1049
926	927	1068
927	926	1068
927	928	708
928	927	708
927	929	946
929	927	946
930	900	1028
900	930	1028
931	932	936
932	931	936
932	914	1028
914	932	1028
914	933	1728
933	914	1728
933	934	792
934	933	792
934	935	771
935	934	771
933	936	288
936	933	288
936	937	483
937	936	483
937	938	236
938	937	236
939	940	1008
941	942	822
942	943	1080
943	944	997
944	938	1172
945	946	1316
946	945	1316
946	934	853
934	946	853
934	937	771
937	934	771
947	948	864
949	950	108
951	952	648
952	951	648
953	954	568
954	953	568
954	955	338
955	954	338
956	957	1080
957	956	1080
958	959	155
959	958	155
960	961	44
961	960	44
962	963	266
964	965	547
966	967	1144
968	969	1008
969	970	806
970	971	849
971	972	813
972	973	93
974	975	482
975	976	2001
976	966	1015
977	978	122
978	977	122
979	980	1028
981	982	915
982	981	915
983	984	1378
984	983	1378
984	985	2406
985	984	2406
911	986	1954
986	911	1954
932	987	720
987	932	720
987	988	915
988	987	915
987	913	997
989	990	768
990	989	768
990	991	792
991	990	792
991	992	1896
992	991	1896
989	993	658
993	989	658
993	994	1049
994	993	1049
995	996	1409
996	995	1409
996	997	678
997	996	678
998	999	1234
999	998	1234
999	1000	390
1000	999	390
995	1001	2705
1001	995	2705
1002	1003	534
1003	1002	534
1003	1004	226
1004	1003	226
1005	1006	524
1006	1005	524
1006	1007	884
1007	1006	884
990	1008	956
1008	990	956
993	1009	596
1009	993	596
1010	1011	43
1011	1010	43
1011	1012	856
1012	1011	856
1013	1014	246
1014	1015	236
1015	1016	318
1016	1017	51
1018	1019	1049
1019	1020	1059
1021	1022	153
1023	1024	52
1025	1026	678
1026	1025	678
1026	1027	3126
1027	1026	3126
1025	1028	1244
1028	1025	1244
1028	956	1203
956	1028	1203
1029	1026	555
1026	1029	555
1026	1028	1584
1028	1026	1584
1030	1023	40
1023	1031	67
1031	947	9
1032	1033	1491
1033	1034	226
1034	1035	833
1032	1036	102
1036	1032	102
1036	1037	2314
1037	1036	2314
1038	1039	144
1039	1038	144
1039	1040	1212
1040	1039	1212
1040	1041	684
1041	1040	684
1041	1042	636
1042	1041	636
1043	1044	912
1044	1045	1020
1046	1047	19
1047	1048	38
1048	1021	19
1049	1050	116
1050	1049	116
1050	1051	171
1051	1050	171
1051	1052	492
1052	1051	492
1052	1053	542
1053	1052	542
1053	1054	686
1054	1053	686
1055	1056	84
1056	1055	84
1056	1057	1284
1057	1056	1284
1057	1049	1056
1049	1057	1056
1052	1058	1224
1058	1052	1224
1053	1059	1059
1059	1053	1059
1060	1061	390
1061	1060	390
1061	1062	504
1062	1061	504
1062	1063	1018
1063	1062	1018
1063	1064	195
1064	1063	195
1064	1065	1501
1065	1064	1501
1065	1066	617
1066	1065	617
1067	1068	727
1068	1043	907
1043	1069	468
1069	1070	100
1070	1071	388
1052	1072	1236
1072	1052	1236
1073	1074	2139
1075	1076	603
1076	1075	603
1077	962	288
1078	1079	989
1080	1081	302
1082	1083	324
1084	1085	624
1085	1084	624
1085	1086	201
1086	1085	201
1086	1087	441
1087	1086	441
1087	1088	417
1088	1087	417
1088	1089	556
1089	1088	556
1089	1090	153
1090	1089	153
1090	1091	302
1091	1090	302
1091	845	62
845	1091	62
1092	1093	417
1093	1092	417
1093	1094	1435
1094	1093	1435
1094	1095	52
1095	1094	52
1095	1096	355
1096	1095	355
1096	1097	355
1097	1096	355
1097	1098	830
1098	1097	830
1098	1099	129
1099	1098	129
1099	1100	590
1100	1099	590
1101	1102	689
1102	1101	689
712	1103	1248
1103	712	1248
1103	1104	792
1104	1103	792
1104	1105	684
1105	1104	684
1106	1107	489
1107	1106	489
1107	1108	482
1108	1107	482
1108	1109	5659
1109	1108	5659
1109	1110	4924
1110	1109	4924
1110	1111	712
1111	1110	712
1111	1112	2750
1112	1111	2750
1112	1113	115
1113	1112	115
1113	1114	417
1114	1113	417
743	1115	499
1115	743	499
1115	1116	532
1116	1115	532
1117	1118	1224
1118	1117	1224
1118	1119	6111
1119	1118	6111
1120	1121	711
1121	1120	711
1122	1123	10964
1123	1122	10964
1124	1125	210
1126	1127	586
1127	1126	586
1127	1128	185
1128	1127	185
1128	1129	4608
1129	1128	4608
1130	1131	495
1131	1130	495
1132	1133	1876
1133	1132	1876
1133	1134	2966
1134	1133	2966
1134	1135	1944
1135	1134	1944
1135	1136	417
1136	1135	417
1136	1137	1396
1137	1136	1396
1137	1138	456
1138	1137	456
1138	1139	2131
1139	1138	2131
1139	1140	1723
1140	1139	1723
1141	1142	744
1143	1144	9270
1144	1145	1251
1146	1147	1156
1147	1148	8932
1	0	720
672	1149	316
1149	672	316
1149	1150	316
1150	1149	316
1150	1151	741
1151	1150	741
1151	1152	316
1152	1151	316
1152	1153	1432
1153	1152	1432
1153	1154	590
1154	1153	590
1155	1156	1260
1156	1155	1260
1156	1157	64
1157	1156	64
1157	1158	57
1158	1157	57
1158	1159	288
1159	1158	288
1159	671	1843
671	1159	1843
710	1160	588
1160	710	588
1160	1103	396
1103	1160	396
1103	1161	324
1161	1103	324
1162	1163	48
1163	1162	48
1163	1164	326
1164	1163	326
1164	1165	763
1165	1164	763
1165	1166	254
1166	1165	254
1167	1168	129
1168	1167	129
1169	1170	3384
1170	1171	72
1171	1172	799
1173	1174	24
1174	1175	744
1176	1177	244
1178	1179	300
1179	1178	300
1179	1180	48
1180	1179	48
1180	1181	3660
1181	1180	3660
1181	1182	2964
1182	1181	2964
1182	1183	480
1183	1182	480
1183	1184	612
1184	1183	612
1184	1185	5460
1185	1184	5460
1185	1186	1032
1186	1185	1032
1186	1187	1164
1187	1186	1164
1187	1188	588
1188	1187	588
1188	1189	1608
1189	1188	1608
1190	1191	904
1191	1192	297
1193	1194	2712
1194	1193	2712
1195	1196	576
1196	1195	576
1196	1197	1392
1197	1196	1392
1198	1199	2280
1199	1198	2280
1200	1201	1404
1202	1203	1062
1203	1202	1062
1203	1204	11353
1204	1203	11353
1205	1206	165
1206	1205	165
1206	1207	4176
1207	1206	4176
1208	1209	1640
1210	1211	2530
1212	1213	129
1214	1215	1269
1216	1217	446
1218	1219	537
1219	1218	537
1219	1220	432
1220	1219	432
1220	1221	227
1221	1220	227
1221	1222	83
1222	1221	83
1223	1224	545
1224	1223	545
10	1225	4176
1225	10	4176
1226	1227	2100
1227	1226	2100
1227	1228	84
1228	1227	84
1226	1229	444
1229	1226	444
1229	1230	828
1230	1229	828
1230	1231	996
1231	1230	996
1231	1232	924
1232	1231	924
1232	1233	480
1233	1232	480
1234	1235	1584
1236	1237	689
1237	1236	689
1237	1238	658
1238	1237	658
1239	1240	1254
1240	1239	1254
1240	1241	545
1241	1240	545
1004	1242	1604
1242	1004	1604
1242	1243	1398
1243	1242	1398
1244	1245	304
1245	1244	304
1245	1246	625
1246	1245	625
1246	1247	919
1247	1246	919
1247	1248	841
1248	1247	841
1248	1249	243
1249	1248	243
1250	1251	475
1251	1252	816
1252	1253	134
1253	1254	849
1254	1255	340
1255	1256	273
1257	1258	96
1259	1260	666
1260	1259	666
1260	1261	657
1261	1260	657
1261	1262	27
1262	1261	27
1262	1263	621
1263	1262	621
1263	1264	693
1264	1263	693
1264	1265	621
1265	1264	621
1265	1266	621
1266	1265	621
1267	1268	454
1268	1267	454
1269	1270	33
1271	1272	44
1272	1271	44
1272	1273	731
1273	1272	731
1273	1274	836
1274	1273	836
1275	1276	11
1277	1278	66
1279	1280	244
1280	1279	244
1280	1281	369
1281	1280	369
1282	1283	14
1284	951	813
951	1284	813
1285	1286	684
1287	1288	46
1288	1289	565
1290	1291	2083
1259	97	864
97	1259	864
97	1292	345
1292	97	345
1246	1292	2221
1292	1246	2221
1293	1294	57
1295	1296	1065
1296	1297	576
1297	1298	446
1298	1299	511
1299	1300	324
1301	1302	562
1302	1303	760
1303	1304	310
1304	1305	963
1306	1307	229
1307	1308	477
1308	1309	639
1309	1310	288
1310	1311	441
1312	1313	586
1313	1312	586
1313	1066	2674
1066	1313	2674
1066	1314	925
1314	1066	925
1315	1316	51
1316	1317	3620
1317	1318	3538
1319	1116	4262
1116	1319	4262
1320	1321	5515
1321	1320	5515
1321	1322	657
1322	1321	657
1322	1319	4070
1319	1322	4070
1320	1323	1368
1323	1320	1368
1323	1324	840
1324	1323	840
1324	1325	340
1325	1324	340
1325	1326	254
1326	1325	254
1326	1327	1104
1327	1326	1104
1327	1328	340
1328	1327	340
1328	1329	187
1329	1328	187
1329	1330	1838
1330	1329	1838
1330	1331	801
1331	1330	801
1331	1332	451
1332	1331	451
1332	1333	230
1333	1332	230
1333	1334	1564
1334	1333	1564
1334	1335	686
1335	1334	686
1335	1336	619
1336	1335	619
1336	1337	504
1337	1336	504
1337	1338	163
1338	1337	163
1338	1339	5736
1339	1338	5736
1339	1340	264
1340	1339	264
1340	1114	177
1114	1340	177
1114	1341	163
1341	1114	163
1341	1342	278
1342	1341	278
1342	8	124
8	1342	124
1343	1344	6321
1344	1343	6321
1344	747	187
747	1344	187
1345	1346	208
1346	1345	208
1346	1347	1490
1347	1346	1490
1347	1348	1742
1348	1347	1742
1348	1349	1144
1349	1348	1144
1349	1350	734
1350	1349	734
1350	1351	741
1351	1350	741
1352	1353	648
1353	1352	648
1353	724	1644
724	1353	1644
1354	1353	1008
1353	1354	1008
1355	720	1404
720	1355	1404
1356	1357	14526
1358	1359	58
1359	1358	58
1360	1361	405
1361	1362	355
1362	1363	634
1363	1364	324
1364	1365	198
1365	1366	972
1366	1367	652
1367	1368	270
1369	1370	1134
1371	1372	1101
1372	1371	1101
1373	1374	1238
1374	1373	1238
1375	1376	244
1377	1378	4809
1378	1377	4809
1378	1379	108
1379	1378	108
1379	1380	352
1380	1379	352
1380	1381	2059
1381	1380	2059
1381	1382	2412
1382	1381	2412
1382	1383	6206
1383	1382	6206
1383	1384	230
1384	1383	230
1384	1385	10929
1385	1384	10929
1385	1386	439
1386	1385	439
1387	1388	388
1389	1390	288
1391	1392	2635
1393	1394	4560
1394	1393	4560
1395	1396	277
1396	1395	277
1396	1397	565
1397	1396	565
1397	1398	349
1398	1397	349
1399	1400	684
1401	1402	960
1402	1401	960
1403	1404	522
1404	1403	522
1405	1406	1056
1407	1408	492
1409	1410	360
1410	1409	360
1410	1411	372
1411	1410	372
1411	1412	180
1412	1411	180
1413	1414	1526
1414	1413	1526
1414	1415	295
1415	1414	295
1416	1417	597
1417	1416	597
1417	1418	468
1418	1417	468
1418	1419	295
1419	1418	295
1419	1420	93
1420	1419	93
1421	1422	1238
1422	1421	1238
1422	1423	72
1423	1422	72
1424	1425	225
599	1426	426
1427	1428	1722
1429	1430	2358
1431	1432	120
1432	1431	120
1432	1433	163
1433	1432	163
1434	1435	1584
1435	1434	1584
1436	1437	972
1437	1436	972
718	1438	264
1438	718	264
1438	1439	2244
1439	1438	2244
1440	1441	1166
1441	1440	1166
1442	1443	1123
1443	1442	1123
1443	1444	1216
1444	1443	1216
1444	1445	1080
1445	1444	1080
1446	1447	2136
1447	1446	2136
1448	1449	432
1449	1448	432
1450	1451	226
1451	1450	226
1451	1452	1326
1452	1451	1326
1452	1453	442
1453	1452	442
1453	1454	720
1454	1453	720
1455	1456	689
1456	1455	689
1456	1457	1440
1457	1456	1440
1457	1458	997
1458	1457	997
1459	1460	38
1460	1459	38
1460	1461	1434
1461	1460	1434
1461	1462	282
1462	1461	282
1268	1463	1296
1463	1268	1296
1463	1464	459
1464	1463	459
1464	1465	659
1465	1464	659
1466	1467	792
1467	1466	792
1467	1468	977
1468	1467	977
1468	1469	740
1469	1468	740
1469	1470	174
1470	1469	174
1470	1471	596
1471	1470	596
1471	1472	1182
1472	1471	1182
1473	1474	82
1474	1473	82
1475	1476	421
1476	1475	421
1476	1477	565
1477	1476	565
1477	1470	956
1469	1478	802
1478	1469	802
1479	1467	1028
1467	1479	1028
1467	1464	1008
1464	1467	1008
1464	1480	884
1480	1464	884
1481	1482	946
1482	1483	1800
1484	1480	1193
1480	1484	1193
1480	1485	1275
1485	1480	1275
1485	1486	61
1486	1485	61
1486	1487	61
1487	1486	61
1488	1489	1347
1489	1488	1347
1490	1491	833
1492	1493	1069
1493	1492	1069
1493	1494	1769
1494	1493	1769
1495	1496	67
1497	1498	280
1498	1497	280
1498	1499	338
1499	1498	338
1499	1500	676
1500	1499	676
1500	1501	381
1501	1500	381
1501	1502	64
1502	1501	64
1502	1503	165
1503	1502	165
1503	1504	331
1504	1503	331
1504	1505	36
1505	1504	36
1505	1506	72
1506	1505	72
1506	1507	172
1507	1506	172
1507	1508	64
1508	1507	64
1508	1509	367
1509	1508	367
1509	1510	187
1510	1509	187
1510	1511	504
1511	1510	504
1511	1512	266
1512	1511	266
1513	1514	216
1514	1513	216
1514	1515	6048
1515	1514	6048
1516	1517	115
1518	1519	852
1519	1520	498
1521	1522	2022
1523	1524	2040
1524	1525	624
1526	1527	374
1528	1529	3843
1530	1531	17370
1532	1533	699
1533	1532	699
1533	1534	4865
1534	1533	4865
1534	1535	462
1535	1534	462
1535	1536	288
1536	1535	288
1537	1538	487
1539	1540	227
1541	1542	57
1542	1543	86
1543	1544	86
1544	1545	86
1545	1546	86
1546	1541	115
1547	1548	696
1549	1550	1416
1550	1549	1416
1551	1552	1224
1552	1551	1224
1552	1553	396
1553	1552	396
1553	1554	2106
1554	1553	2106
1554	1555	900
1555	1554	900
1555	1556	999
1556	1555	999
1556	1557	1170
1557	1556	1170
1558	1559	1404
1559	1558	1404
1559	1560	2256
1560	1559	2256
1560	1561	1092
1561	1560	1092
1562	1563	2184
1563	1562	2184
1563	1564	1668
1564	1563	1668
1564	1565	1140
1565	1564	1140
1565	1566	972
1566	1565	972
1566	1567	1056
1567	1566	1056
1567	1568	1248
1568	1567	1248
1569	1570	672
1570	1569	672
1570	1571	648
1571	1570	648
1571	1572	708
1572	1571	708
1573	1574	1065
1574	1573	1065
1574	1575	129
1575	1574	129
1575	1576	1058
1576	1575	1058
1576	1577	849
1577	1576	849
1576	1578	1339
1578	1576	1339
1578	1574	115
1574	1578	115
1578	1579	684
1579	1578	684
1579	1580	3696
1580	1579	3696
1580	1581	1764
1581	1580	1764
1581	1582	1316
1582	1581	1316
1582	1583	1182
1583	1582	1182
1584	1585	92
1585	1584	92
1585	1586	1409
1586	1585	1409
1586	1587	555
1587	1586	555
1587	1588	504
1588	1587	504
1588	1589	411
1589	1588	411
1589	1590	884
1590	1589	884
1590	1591	750
1591	1590	750
1591	1592	462
1592	1591	462
1592	1593	390
1593	1592	390
1593	1594	1316
1594	1593	1316
1594	1595	4422
1595	1594	4422
1595	1596	1800
1596	1595	1800
1596	1597	699
1597	1596	699
1597	1598	534
1598	1597	534
1598	1599	72
1599	1598	72
1599	1600	555
1600	1599	555
1600	1601	977
1601	1600	977
1490	1602	61
1602	1490	61
1602	1592	1398
1592	1602	1398
1592	1603	195
1603	1592	195
1603	1604	1306
1604	1603	1306
1605	1573	108
1573	1605	108
1573	1606	108
1606	1573	108
1606	1607	151
1607	1606	151
1608	1609	892
1609	1610	684
1611	1612	1260
1612	1611	1260
1613	1614	86
1615	1616	648
1617	1618	367
1618	1619	21
1619	1620	115
1620	1621	57
1621	1622	568
1623	1624	230
1625	1626	576
1627	1628	258
1629	1630	235
1630	1629	235
1630	1631	9
1631	1630	9
1631	1632	91
1632	1631	91
1632	1633	100
1633	1632	100
1142	1634	732
1634	1142	732
1141	1635	105
1636	1633	700
1633	1636	700
1637	1638	302
1638	1637	302
1638	1639	208
1639	1638	208
1639	1640	316
1640	1639	316
1641	1642	352
1642	1641	352
1643	1644	408
1644	1643	408
1644	1645	852
1645	1644	852
1645	1646	828
1646	1645	828
1646	1647	1056
1647	1646	1056
1647	1648	1260
1648	1647	1260
1648	1649	72
1649	1648	72
1162	1650	614
1650	1162	614
1650	1651	531
1651	1650	531
1651	1652	1368
1652	1651	1368
1652	1653	520
1653	1652	520
1653	1654	337
1654	1653	337
1655	1655	1026
1655	1655	1026
1655	1656	954
1656	1655	954
1656	1657	1638
1657	1656	1638
1657	1658	216
1658	1657	216
1658	1659	954
1659	1658	954
1660	1575	468
1575	1660	468
1661	1662	828
1663	1664	432
1665	1666	3870
1667	1668	4680
1669	1078	4329
1670	1671	2614
1668	1670	981
1672	1673	837
1674	1675	2052
1671	1676	2092
1677	1678	340
1678	1677	340
1678	1679	124
1679	1678	124
1680	1681	667
1681	1680	667
1681	1682	580
1682	1681	580
1683	1684	1185
1677	1685	125
1686	1683	499
1687	1688	1593
1689	1429	324
1690	1427	420
1691	1692	105
1692	1693	21
1690	1694	220
1695	1696	1449
1696	1695	1449
1697	1698	1542
1698	1697	1542
1698	1699	162
1699	1698	162
1700	1697	5028
1697	1700	5028
1701	1702	2502
1702	1701	2502
1702	1703	564
1703	1702	564
1704	1705	138
1705	1704	138
1705	1706	3072
1706	1705	3072
1706	1707	6612
1707	1706	6612
1707	1708	522
1708	1707	522
1708	1701	888
1701	1708	888
1709	1710	3159
1710	1709	3159
1711	1712	4126
1712	1711	4126
1712	1713	427
1713	1712	427
1713	1714	2506
1714	1713	2506
1715	1716	4801
1716	1715	4801
1717	1718	1404
1718	1717	1404
1718	1719	777
1719	1718	777
1719	1720	4492
1720	1719	4492
1721	1722	6897
1722	1721	6897
1723	1724	264
1724	1723	264
1724	1725	804
1725	1724	804
1725	1726	672
1726	1725	672
1727	1728	1020
1728	1727	1020
1728	1729	468
1729	1728	468
1730	1731	4154
1731	1730	4154
1732	1733	11259
1733	1732	11259
1734	1735	6954
1735	1734	6954
1736	1737	3664
1737	1736	3664
1738	1739	1411
1739	1738	1411
1740	1741	180
1741	1740	180
1741	1742	410
1742	1741	410
1742	1743	72
1743	1742	72
1743	1744	2325
1744	1743	2325
1744	1738	223
1738	1744	223
1739	1745	765
1745	1739	765
1745	1746	666
1746	1745	666
1746	1747	693
1747	1746	693
1747	1748	1314
1748	1747	1314
1748	1749	351
1749	1748	351
1750	1751	7516
1751	1750	7516
1751	1752	252
1752	1751	252
1753	1754	2988
1754	1753	2988
1754	1755	3866
1755	1754	3866
1755	1752	223
1752	1755	223
1752	1700	324
1700	1752	324
1756	1757	1602
1757	1756	1602
1104	1758	384
1758	1104	384
1759	1435	1044
1435	1759	1044
1435	1760	1812
1760	1435	1812
1761	1762	936
1762	1761	936
1763	1761	1788
1761	1763	1788
1761	1764	888
1764	1761	888
1764	1765	528
1765	1764	528
1765	1766	336
1766	1765	336
1765	1767	660
1767	1765	660
1766	1768	2256
1768	1766	2256
1768	1196	1224
1196	1768	1224
1762	1763	1920
1763	1762	1920
1763	1195	468
1195	1763	468
1195	1769	1428
1769	1195	1428
1769	1770	612
1770	1769	612
1769	1771	1608
1771	1769	1608
1772	1351	2145
1351	1772	2145
1773	1193	204
1193	1773	204
1774	1773	372
1773	1774	372
1774	1768	120
1768	1774	120
1314	1775	822
1775	1314	822
1775	1776	514
1776	1775	514
1776	1777	936
1777	1776	936
1777	1778	72
1778	1777	72
1778	1779	1193
1779	1778	1193
1780	1781	792
1781	1780	792
1781	1782	2568
1782	1781	2568
1782	1783	768
1783	1782	768
1784	1785	246
1785	1784	246
1785	1786	205
1786	1785	205
1786	1582	1110
1582	1786	1110
1582	1787	1254
1787	1582	1254
1787	1788	1254
1788	1787	1254
1788	1789	720
1789	1788	720
1789	1790	246
1790	1789	246
1790	1791	298
1791	1790	298
1791	1781	267
1781	1791	267
1062	1792	1440
1792	1062	1440
1793	1794	712
1794	1793	712
1794	1795	5623
1795	1794	5623
1795	1796	180
1796	1795	180
1796	1797	2037
1797	1796	2037
1797	1798	93
1798	1797	93
1798	1799	1252
1799	1798	1252
1799	1800	799
1800	1799	799
1800	1801	86
1801	1800	86
1801	1802	345
1802	1801	345
1802	1803	864
1803	1802	864
1803	1804	2973
1804	1803	2973
1804	1805	712
1805	1804	712
1805	1806	432
1806	1805	432
1806	1807	3031
1807	1806	3031
1807	1808	748
1808	1807	748
1808	1809	1173
1809	1808	1173
1809	1810	1908
1810	1809	1908
1810	1811	1065
1811	1810	1065
1811	1812	345
1812	1811	345
1813	1814	403
1814	1813	403
1814	1815	2534
1815	1814	2534
1815	1816	669
1816	1815	669
1817	1818	144
1818	1817	144
1697	1819	2248
1819	1697	2248
1819	1820	1661
1820	1819	1661
1820	1750	2763
1750	1820	2763
1750	1821	3655
1821	1750	3655
1821	1821	481
1821	1821	481
1822	1823	1462
1823	1822	1462
1823	1824	1074
1824	1823	1074
1824	1825	1656
1825	1824	1656
1825	1826	548
1826	1825	548
1826	1827	354
1827	1826	354
1827	1828	193
1828	1827	193
1828	1829	238
1829	1828	238
1830	1831	2476
1831	1830	2476
1832	1833	960
1833	1832	960
1833	1834	2148
1834	1833	2148
1835	1836	4160
1836	1835	4160
1837	1198	2352
1198	1837	2352
742	1838	1123
1838	742	1123
1838	1839	1267
1839	1838	1267
1581	1840	1522
1840	1841	1686
1842	1843	482
1843	1842	482
1844	1845	57
1846	1847	3186
1847	1846	3186
1847	1848	1746
1848	1847	1746
1849	1850	30
1850	1851	246
1851	1852	216
1852	1849	41
1853	1854	93
1855	1856	18
1856	1857	27
1857	1858	58
1859	1860	54
1861	1862	67
1863	1864	194
1865	1866	266
1866	1865	266
1866	1867	986
1867	1866	986
1867	1868	331
1868	1867	331
1868	1869	705
1869	1868	705
1869	1870	532
1870	1869	532
1870	1871	230
1871	1870	230
1871	1872	72
1872	1871	72
1872	1873	1411
1873	1872	1411
1873	1874	151
1874	1873	151
1875	1876	1254
1876	1875	1254
1876	1877	1553
1877	1876	1553
1878	1879	374
1879	1878	374
1879	1880	180
1880	1879	180
1881	1882	280
1883	1884	580
1881	1885	57
1886	1887	19
1887	1888	4
1889	1890	156
1890	1889	156
1890	1891	2220
1891	1890	2220
1892	1889	2592
1889	1892	2592
1893	1894	1049
1894	1893	1049
1895	1896	195
1896	1895	195
1896	1893	894
1893	1896	894
1893	1897	318
1897	1893	318
1898	1899	3137
1899	1898	3137
1899	1900	1676
1900	1899	1676
1901	1902	267
1902	1901	267
1902	1903	473
1903	1902	473
1903	1904	4371
1904	1903	4371
1905	1906	4114
1906	1905	4114
1907	1908	699
1908	1907	699
1908	1909	874
1909	1908	874
1909	1910	596
1910	1909	596
1910	1911	576
1911	1910	576
1911	1904	1429
1904	1911	1429
1912	1913	408
1913	1912	408
1914	1915	576
1915	1914	576
1916	1917	5430
1917	1916	5430
1918	1919	165
1919	1918	165
1919	1920	619
1920	1919	619
1921	1922	2838
1922	1921	2838
1923	1924	2211
1924	1923	2211
1925	1926	936
1926	1925	936
1927	1928	473
1928	1927	473
1928	1929	3918
1929	1928	3918
1930	1931	324
1931	1930	324
1931	1932	270
1932	1931	270
1933	1934	223
1934	1933	223
1934	1935	1195
1935	1934	1195
1935	1936	727
1936	1935	727
1936	1937	655
1937	1936	655
1938	1939	1234
1939	1938	1234
1939	1938	1481
1938	1939	1481
1938	1940	411
1940	1938	411
1935	1941	288
1941	1935	288
1941	1941	2458
1941	1941	2458
1942	1943	115
1944	1945	1938
1945	1944	1938
1945	1946	198
1946	1945	198
1946	1947	1080
1947	1946	1080
1947	1948	2760
1948	1947	2760
1948	1949	3348
1949	1948	3348
1950	1951	144
1951	1950	144
1952	1953	349
1953	1952	349
1954	1955	612
1955	1954	612
1956	1957	1350
1957	1956	1350
1958	1959	216
1959	1958	216
1959	1960	108
1960	1959	108
1960	1961	446
1961	1960	446
1961	1962	820
1962	1961	820
1962	1963	1058
1963	1962	1058
1963	1964	468
1964	1963	468
1965	1944	258
1944	1965	258
1944	1966	114
1966	1944	114
1966	1965	126
1965	1966	126
1967	1968	86
1968	1967	86
1968	1969	1987
1969	1968	1987
1969	1970	626
1970	1969	626
1970	1971	612
1971	1970	612
1971	1972	108
1972	1971	108
1972	1973	842
1973	1972	842
1973	1974	144
1974	1973	144
1974	1975	734
1975	1974	734
1975	1976	885
1976	1975	885
1976	1977	900
1977	1976	900
1977	1978	446
1978	1977	446
1978	1979	1756
1979	1978	1756
1980	1981	619
1982	1983	518
1981	1984	734
1984	1985	396
1985	1986	374
1986	1987	72
1987	1988	396
1988	1989	273
1990	1987	316
1987	1984	57
1985	1991	100
1991	1985	100
1991	1992	777
1992	1991	777
1992	1993	1519
1993	1992	1519
1993	1994	1065
1994	1993	1065
1994	1995	187
1995	1994	187
1996	1997	122
1998	1999	43
1999	2000	64
2000	2001	36
2001	2002	86
2002	1998	93
1999	2003	338
2004	2000	532
2005	2006	4032
2006	2005	4032
2006	2007	540
2007	2006	540
2007	2008	273
2008	2007	273
2009	2010	331
2010	2009	331
2011	2012	1260
2012	2013	813
2014	2015	144
2015	2016	316
2017	2018	232
2018	2019	188
1989	2020	338
1988	2020	360
1984	1986	64
1986	1990	309
2021	2022	2016
2022	2021	2016
2022	2006	756
2006	2022	756
2023	2024	894
2024	2023	894
2024	2025	864
2025	2024	864
2025	2026	730
2026	2025	730
2025	2027	3157
2027	2025	3157
2027	2028	925
2028	2027	925
2028	2029	987
2029	2028	987
2030	2028	586
2028	2030	586
2031	2032	565
2032	2031	565
2032	2029	1512
2029	2032	1512
2029	2033	462
2033	2029	462
2033	2034	740
2034	2033	740
2034	2035	288
2035	2034	288
2035	2036	2448
2036	2035	2448
2036	2037	884
2037	2036	884
2037	2038	5317
2038	2037	5317
2038	2039	339
2039	2038	339
2039	2040	1512
2040	2039	1512
2040	2041	2365
2041	2040	2365
2041	2042	1306
2042	2041	1306
2042	2043	113
2043	2042	113
2043	2044	298
2044	2043	298
2045	2046	504
2046	2045	504
2046	2047	518
2047	2046	518
2047	2048	460
2048	2047	460
2049	2050	48
2050	2051	72
2051	2052	132
2052	2053	216
2053	2049	108
2054	2055	360
2054	2056	72
2056	2057	129
2052	2058	348
2059	2060	792
2060	2059	792
2060	2061	504
2061	2060	504
2061	2030	997
2030	2061	997
2030	2033	884
2033	2030	884
2062	2063	93
2063	2064	80
2044	2065	1285
2065	2044	1285
2065	2066	2345
2066	2065	2345
2066	2067	421
2067	2066	421
2067	2068	545
2068	2067	545
2069	2070	1236
2070	2069	1236
2070	2071	588
2071	2070	588
2072	2073	349
2073	2072	349
2073	2074	411
2074	2073	411
2074	2075	709
2075	2074	709
2075	2076	411
2076	2075	411
2076	2077	1306
2077	2076	1306
2078	2079	1141
2079	2078	1141
2079	2080	925
2080	2079	925
2080	2077	1234
2077	2080	1234
2077	2081	1008
2081	2077	1008
2081	2082	316
2082	2081	316
2083	2084	648
2084	2083	648
1918	2085	1526
2085	1918	1526
2086	2087	331
2088	2089	348
